44001780358726377790563430155584283803474437837993544886100057634335297658799675842311644504226479845936507954299950574413893572611225727441764316006823132702586503719421205003786310122201297394894138921109918996050194416210697813964176278576723271217295700742923001990477028255249428628623232830030568037966
19199404026288551925167271601726501678187177009004648986390840745296992101517226309243764904661666912746754107202471390057670188032030492339225149187855115555565158628645102663790260406313343216033798166431565148867453215011754267914128579936084569446595589928372998860733268953705931963226708909525442688803
77051905930004053029530638562380859814244512385543483890154350660103184539973710954134414623333455669136054327682229790756876849483980593653292258346933198898171372684993410773185291137203291593839508509205505122928362418618181857187676081126916508548087140241812273724060235554488916097552689310374538883666
86666635933719567505524545791120432003718465339926459962129659841861229805073261144627808546580887609352623595538889977039116935127738901627857688160437040812038375176475032909109898764524106008668839789012545250506951931646609656691794537973963302340665561325766732967105664737904623767631436757420260154764
30356593243453571493063775294643521706008316898797981026863912750922002326743400124241194214204010091118259229721722371301213905251008364657573330112853936557860373828971866577392694459084341703963503679953397804420575900545328404772345191048421017209078378701458549462424188733099649980500063145873428715996
59553795278404071097081242444163639779328837877786529913814323754711011626083422466585826954671148738674469056574366410498158512243043438664927373001763081651584921867817663948376279837100294276229552636034761172186408287133991400470161971692775337051020170179228939726562493266129771042053693186707488582525
12083782571237921226122558709284898553951739422520860570958446969617414800523608635003892872167352288398215591647248977817253604906107253760353396126206778190714790837766622000902703064510173277955328248911733337497247580875424595433529916345578136208937055445484620854440738373967311411808745324776822615937
13183345676105696352001259545513851770808445532732060205186533361068033576996827358272133850737457448639698380040958655916858023014299782261323496341498546299142840149794591223077591216920903503978535459734935991871925181709524419544814590604763608551352681473821195087645166329945062409958500757313304479292
25246890127098024549537298067737020933374398179612320096550953500373281805326964218728380630941726132185856170163725553498195155358806970283264239135164179029947571829257055933547184489999780646588858709285139904034219237857728639321992009791941256651058141931570189629144619790656943669700071644070506796256
19199404026288551925167271601726501678187177009004648986390840745296992101517226309243764904661666912746754107202471390057670188032030492339225149187855115555565158628645102663790260406313343216033798166431565148867453215011754267914128579936084569446595589928372998860733268953705931963226708909525442688803
